0.000000 20.365407
0.502513 20.951167
1.005025 20.926410
1.507538 20.589116
2.010050 20.576204
2.512563 21.088918
3.015075 21.641279
3.517588 21.632563
4.020101 21.060982
4.522613 20.526926
5.025126 20.521840
5.527638 20.851166
6.030151 20.879535
6.532663 20.304723
7.035176 19.535619
7.537688 19.221977
8.040201 19.496119
8.542714 19.830605
9.045226 19.680766
9.547739 19.144369
10.050251 18.850448
10.552764 19.209640
11.055276 19.920745
11.557789 20.322684
12.060302 20.172239
12.562814 19.919974
13.065327 20.155919
13.567839 20.887667
14.070352 21.513658
14.572864 21.524636
15.075377 21.097080
15.577889 20.871192
16.080402 21.179153
16.582915 21.645266
17.085427 21.635466
17.587940 21.019594
18.090452 20.336260
18.592965 20.162906
19.095477 20.442158
19.597990 20.567534
20.100503 20.125133
20.603015 19.404915
21.105528 19.070232
21.608040 19.379067
22.110553 19.885696
22.613065 19.978253
23.115578 19.610220
23.618090 19.352681
24.120603 19.705158
24.623116 20.488098
25.125628 21.042828
25.628141 21.001221
26.130653 20.707447
26.633166 20.789519
27.135678 21.393138
27.638191 21.993359
28.140704 22.009766
28.643216 21.491620
29.145729 21.055662
29.648241 21.151029
30.150754 21.528609
30.653266 21.547853
31.155779 20.954257
31.658291 20.198695
32.160804 19.916489
32.663317 20.186894
33.165829 20.455764
33.668342 20.212617
34.170854 19.612973
34.673367 19.302342
35.175879 19.651340
35.678392 20.314535
36.180905 20.639512
36.683417 20.438100
37.185930 20.199705
37.688442 20.492826
38.190955 21.270001
38.693467 21.906820
39.195980 21.929558
39.698492 21.564034
40.201005 21.451633
40.703518 21.872343
41.206030 22.402911
41.708543 22.418604
42.211055 21.839909
42.713568 21.232849
43.216080 21.142840
43.718593 21.456599
44.221106 21.552908
44.723618 21.061315
45.226131 20.322105
45.728643 19.997415
46.231156 20.296577
46.733668 20.739322
47.236181 20.738670
47.738693 20.307163
48.241206 20.043146
48.743719 20.413384
49.246231 21.188481
49.748744 21.705453
50.251256 21.644745
50.753769 21.395163
51.256281 21.572177
51.758794 22.265646
52.261307 22.915987
52.763819 22.967627
53.266332 22.520705
53.768844 22.203860
54.271357 22.420452
54.773869 22.868111
55.276382 22.905031
55.778894 22.325457
56.281407 21.618166
56.783920 21.398615
57.286432 21.691554
57.788945 21.919300
58.291457 21.608544
58.793970 20.970967
59.296482 20.663674
59.798995 21.014559
60.301508 21.636598
60.804020 21.891080
61.306533 21.646806
61.809045 21.429264
62.311558 21.782217
62.814070 22.604386
63.316583 23.253875
63.819095 23.296718
64.321608 23.007207
64.824121 23.023919
65.326633 23.573055
65.829146 24.187004
66.331658 24.254783
66.834171 23.747824
67.336683 23.255057
67.839196 23.285332
68.341709 23.669484
68.844221 23.775132
69.346734 23.277019
69.849246 22.562459
70.351759 22.286869
70.854271 22.608781
71.356784 23.016329
71.859296 22.951335
72.361809 22.485260
72.864322 22.239616
73.366834 22.645467
73.869347 23.425800
74.371859 23.918788
74.874372 23.856577
75.376884 23.670747
75.879397 23.960742
76.381910 24.760793
76.884422 25.481422
77.386935 25.596460
77.889447 25.256609
78.391960 25.098118
78.894472 25.475650
79.396985 26.035481
79.899497 26.138663
80.402010 25.629020
80.904523 25.028971
81.407035 24.928857
81.909548 25.297861
82.412060 25.538025
82.914573 25.215811
83.417085 24.596904
83.919598 24.344841
84.422111 24.742189
84.924623 25.363044
85.427136 25.587141
85.929648 25.341585
86.432161 25.184788
86.934673 25.632639
87.437186 26.531627
87.939698 27.227866
88.442211 27.331167
88.944724 27.163199
89.447236 27.355936
89.949749 28.080780
90.452261 28.829518
90.954774 29.009474
91.457286 28.643210
91.959799 28.338109
92.462312 28.562375
92.964824 29.091542
93.467337 29.285812
93.969849 28.866600
94.472362 28.264610
94.974874 28.123010
95.477387 28.547632
95.979899 28.998032
96.482412 28.948354
96.984925 28.528208
97.487437 28.377803
97.989950 28.889622
98.492462 29.741415
98.994975 30.277839
99.497487 30.285412
100.000000 30.236276
